-3.207109465325235463e-03
1.373238438427975758e-02
-1.020649483637091522e-02
-5.529343754249651383e-02
1.078009456826251045e-02
-2.948785510625983805e-02
1.212618574589706746e-02
-2.893051510693154041e-02
-1.717867737066193154e-02
1.641477852553580030e-02
-5.014610989747132416e-03
-4.656598338682805399e-03
-9.806814612812103649e-03
-1.638773040396809865e-03
-1.979359733743885942e-03
-1.986786702983650392e-03
-2.661200471480911888e-03
2.758502563592654111e-01
-1.805761292262815856e-02
6.898082103288254510e-03
-9.173797928309333077e-03
3.237378940374575041e-03
-2.448834152582256285e-03
-3.588649156142425991e-03
-3.029369958697753201e-03
3.001656347069004294e-03
1.128044510299141406e-02
-7.219784668570946792e-03
-1.608864554391432541e-02
-1.334798526804156608e-02
-1.755827673150426801e-02
4.685915614444633587e-02
-6.222964907870553140e-03
8.001213197658654797e-02
-1.911309151905990142e-02
-4.944542391899108338e-03
-3.822386346809513932e-03
2.288043672333890666e-02
-6.438884944182665833e-03
-2.590610951162079789e-03
1.974726324273444189e-01
2.806398624864733238e-01
-1.872373256775243869e-02
-2.485878956625271405e-02
-2.297621004209338569e-04
1.561811533688277701e-02
1.883027631011938022e-03
9.277086613088828329e-03
-2.829407144284671813e-03
-1.554489111171950856e-02
1.071554165608887450e-02
2.787771687893826345e-01
-1.646427898345968407e-02
-7.977480299806860228e-03
-2.615847963446585669e-02
2.105235314273000370e-04
3.998847866094173628e-03
-3.862586848972340229e-03
-9.667245055893411085e-03
1.429095240842919931e-02
1.260535103302048467e-02
-1.426026437507494152e-03
-1.430852306815247853e-02
7.866552984527977119e-03
-1.154536552438966551e-02
-2.896539903669104882e-03
-8.416846920706287649e-03
2.602289183241435298e-03
-8.794366433342099693e-03
-5.453013834605936055e-03
5.106169273887366591e-03
-2.824979102738668733e-03
1.665041017797018463e-02
3.382807495843955653e-02
2.671309580882656395e-02
8.737975079304237044e-03
6.417388820287940610e-02
-2.311154167171786990e-03
1.922329617824354792e-03
1.076766713777946478e-02
-5.883849828416750152e-03
6.357149447369464697e-03
-6.322454589850625729e-03
-1.857498952724365507e-02
-1.202073809080451798e-02
5.999810670386185318e-03
1.933108674483606862e-02
-1.113619386704855357e-02
2.277386080070390589e-03
1.786835613851275179e-02
-3.133226426715371692e-06
-3.219639904883553772e-03
-3.255110689550930192e-02
-1.326812180873173340e-03
-1.362945997364070193e-03
-2.385742197306831350e-04
-1.091863676617144813e-02
-1.379694477038813545e-02
-3.311821785700139187e-02
5.948648747361949540e-02
-8.992146526962388128e-04
2.817349919410690878e-02
-3.380535749026109850e-03
2.728646195790323560e-03
-2.829172815091135344e-04
3.594554820448700103e-03
-3.023827619991753665e-04
4.936958279999363944e-03
4.508293683114594427e-03
-2.500786129633422120e-03
2.027038806329771181e-01
2.958067806867622010e-02
1.115546917536262665e-02
9.678429932333677821e-03
-8.997650774644547558e-03
8.903451575321205550e-04
-6.131123869856015818e-03
1.449247280090549053e-02
-4.690987258347965178e-02
-1.182045627313220437e-02
1.751331900240569450e-01
-2.442435696149385278e-03
-7.762655283720889046e-03
1.686724519902454977e-05
4.383074343292100300e-03
6.595654596006087639e-03
5.853900452913167463e-03
-2.358815922223604644e-02
4.160524541682616984e-02
1.857358850760818057e-03
-4.667505510049915068e-02
-3.524050775145456428e-03
-7.607981239921407166e-03
-1.078463278391161156e-02
2.246114396660377210e-01
1.059053679548524612e-01
-2.958857046085801908e-03
-4.737887700879932738e-03
1.357271474473017991e-02
-5.570852011685508733e-03
2.466400156808405339e-04
7.813232353441369737e-02
5.871455475267200845e-03
1.432307517133250135e-02
4.535871705149904787e-02
4.886991090471134308e-02
-8.849414424628568310e-03
-9.679091866357391770e-04
2.543372237021638074e-02
-9.460654472126127368e-02
-2.004905832761525938e-03
3.813516696158687769e-02
-2.479041394927902764e-02
8.875920328123676484e-02
3.953104313274868192e-02
3.033034874910911938e-03
1.306863687132011828e-02
2.067472986293829029e-01
7.325744527474228884e-02
-1.510333793334387234e-02
6.734169891434300947e-02
1.411180097637787772e-03
-1.483471592125619291e-02
3.482910447641855527e-03
2.008209336622909444e-02
1.564498641039759053e-02
1.249972523729660223e-02
6.739554976576817274e-04
-3.471990956468042760e-02
9.782958342168007922e-04
-2.145092496976606488e-03
-2.031919702151464835e-02
-7.504204857827199461e-03
-2.776206297690377803e-03
2.046262269266408730e-03
8.217238933224499386e-03
1.621985758168526491e-03
-4.849240086800578331e-03
2.527808306751907173e-03
-1.867335632394766590e-02
-9.349341408093556072e-03
8.208892056393267411e-03
-2.442886247284901599e-02
-5.030015028875889187e-03
-2.456437837188093359e-02
-1.106649197361589745e-02
-1.431871352019102421e-02
-4.404706404342301380e-03
-3.654537295631464511e-02
-1.734825045331678944e-02
-1.916261786114240029e-02
-8.121750451727884762e-03
1.387978146036454412e-02
5.761614206762968871e-02
7.068805477314031582e-02
2.074960153948599353e-02
1.911453813277641869e-02
-9.797184825903070340e-03
-1.491912899308259384e-02
1.135887670924640852e-03
-3.199709591983904838e-03
-4.266101448426435315e-03
4.135742478949529927e-02
-2.034899583070864763e-03
-2.319035993002719481e-02
-4.021542444040703858e-03
-9.861660541167225139e-03
-4.960376272808060712e-03
-5.748121957534101621e-03
-8.063044611898549652e-02
1.910646793285351863e-02
5.358358501004066854e-01
9.234922148475471770e-02
1.427413076893459254e-01
1.541309621156565779e-01
5.613202524424121265e-01
5.209981392787350618e-01
-2.396272558149525195e-02
1.025595440783432094e-01
2.244393239690944605e-02
6.063806657104260367e-01
7.869664075830723471e-01
2.696550581932262158e-01
1.720133153248009639e-01
8.797709324287804333e-02
9.038427729356579565e-02
1.853243100905743457e-01
3.370140072776738743e-02
1.474093306179289319e-02
2.303826914689030558e-01
1.190872056150787395e-01
7.224528545739103413e-02
7.863870689702136263e-02
8.837854031934143373e-02
2.781847173879936977e-03
4.601386486921532626e-02
2.776430582181196177e-02
3.997424188091715513e-01
6.339963529581200963e-02
-1.540745385752497788e-02
4.856048525762760720e-02
9.718123510214871086e-01
2.187313044172248602e-02
4.616781952238064868e-01
1.989500088800004451e-01
7.384501891701986120e-02
-5.848540897033267100e-02
-9.605324455056071103e-03
3.552656150709847336e-03
2.477293827195652803e-02
1.872056157421151529e-02
1.632658156580235262e-02
1.359516612582075956e-01
-1.075063726601845245e-02
-7.904224268908641160e-02
2.322716679864420541e-01
2.745372614864468631e-03
-2.776466711497680567e-02
4.826170692682103802e-02
-8.452247792838875687e-03
3.599484582867264887e-02
3.599484582867264887e-02
-2.639749276529880853e-02
-4.910827334337787044e-03
8.110252611459793648e-02
1.319596573156731345e-01
7.402332678995625359e-02
1.849120338768292515e-02
-1.121525468966047545e-02
7.278085585115325051e-02
4.260843928663090446e-02
1.469169616053849804e-02
-1.450796039914960603e-02
3.489594876901670577e-03
6.874036361662887173e-03
2.155507324572160377e-01
-6.919442080492692326e-02
1.455017766344460055e-02
6.089971196436925194e-01
2.863708946895062585e-02
6.916056744451944127e-02
-6.207002826051367245e-02
-1.230372194307870724e-02
-2.222838059548314094e-02
-4.570019878344386971e-02
-1.568900266595122175e-02
7.700250625605625093e-03
1.019086024213594101e-02
-4.016557159025485602e-02
-1.714723074381229243e-02
-2.946879563339020736e-02
6.684625619854643597e-02
2.261971898587722060e-02
-4.180419425223337593e-02
-2.209113185480039709e-02
-1.861953524276877339e-02
3.283546331955044389e-02
6.000917077421930035e-01
4.088624691154323348e-04
8.530942702900817104e-03
-2.713954668491254385e-02
3.900154476558082700e-02
5.670215583572541657e-02
7.900978562880289768e-01
2.806998828452795802e-01
-2.054028557967852320e-03
1.083503600726891114e-01
2.472431741413163575e-01
2.809111026939663525e-01
2.514534109211285506e-01
-4.830490379936771411e-02
9.184509196431578371e-01
2.008655145739344783e-01
4.022611809876500133e-01
2.421307883259670194e-04
1.119294027311829032e-02
7.351299104362636616e-02
9.994064428135667200e-01
-3.828638954798795763e-02
3.442795263141184003e-01
7.122350622044172352e-01
-6.090464768420176395e-02
2.034646257731816815e-02
5.740103895961455593e-02
-1.856230021794882468e-03
-2.452625224101185469e-02
2.045056601104324190e-01
2.074331490465365646e-04
2.218886819677737543e-01
2.718823080316868923e-01
5.648320964789165233e-01
6.913730827845808724e-01
8.004880028769070233e-01
7.494377289235643058e-01
5.999117536777849313e-01
5.919124381679247149e-01
6.971213175793309347e-01
-2.067362841699316861e-02
4.685769106823213363e-04
-4.789006460331178723e-03
-7.735452667188424947e-02
6.174123386381387413e-02
5.653286135500703441e-02
1.992016333924209737e-01
