8.246147781478799566e-25
2.341484437442931733e-22
2.799540243179479248e-20
1.707325443465012913e-18
6.135630236629791291e-17
1.451862863926663789e-15
2.462683069425252129e-14
3.187987980098824874e-13
3.290864243627386833e-12
2.792946133031580106e-11
2.002344334045206162e-10
1.258223548341761488e-09
7.078215681481552622e-09
3.539530439285917284e-08
1.574626912834326322e-07
6.283704124014390034e-07
2.270925367344699577e-06
7.500384032383994658e-06
2.282734332804598585e-05
6.449892433015468518e-05
1.703166269278002284e-04
4.227794155772512941e-04
9.915971171751496692e-04
2.206946577105163565e-03
4.677291955797343269e-03
9.465034542488877378e-03
1.833507866136446784e-02
3.415594359934158442e-02
6.191284833910690871e-02
1.118572594015538046e-01
2.053261502980165687e-01
3.632511880015821815e-01
5.420659765817004150e-01
6.529812006455151252e-01
6.888506369703981669e-01
6.876458526290621931e-01
6.734819051326579320e-01
6.560130034733246962e-01
6.387219882492440881e-01
6.228892084932462492e-01
6.090192490320660568e-01
5.973316531927813644e-01
5.879342135733501840e-01
5.808872252756354104e-01
5.762286086734739188e-01
5.739841944140920971e-01
5.741720197995777708e-01
5.768040079847209789e-01
5.818863407887011618e-01
5.894189902813824489e-01
5.993944601254074245e-01
6.117954967860382842e-01
6.265912113448398602e-01
6.437305934721009315e-01
6.631316901520062368e-01
6.846636772542370464e-01
7.081177714228011899e-01
7.331622183768373713e-01
7.592792240355353828e-01
7.856942811231600876e-01
8.113399224097015416e-01
8.349399108548734016e-01
8.552934181575317929e-01
8.716855914384880055e-01
8.841397754073730963e-01
8.932934811050365909e-01
9.000316550777953672e-01
9.051705744411253640e-01
9.093219550883623326e-01
9.128910001989218870e-01
9.161262032083749007e-01
9.191724522809329168e-01
9.221112513450067105e-01
9.249871181573102730e-01
9.278236415314712326e-01
9.306328152275445964e-01
9.334203063188639682e-01
9.361883690180771156e-01
9.389374329158678423e-01
9.416669596470957915e-01
9.443759017010728840e-01
9.470629472350654554e-01
9.497266507143081737e-01
9.523655029717853493e-01
9.549779692171105339e-01
9.575625100878314422e-01
9.601175936960983925e-01
9.626417028533514886e-01
9.651333396736662129e-01
9.675910287169596780e-01
9.700133192884304867e-01
9.723987872245440922e-01
9.747460363450562992e-01
9.770536996705526667e-01
9.793204404620811099e-01
9.815449531161506425e-01
9.837259639354927199e-01
9.858622317886913677e-01
9.879525486675994062e-01
9.899957401489687392e-01
