3.557354644946379540e+00 3.034735143724581086e+00 8.759050544633453228e-01 7.063159359577222407e-01 1.309183928580686773e+00 3.037793274917696684e-02 7.570466133287221400e-01 1.122402973107964885e-01
3.558292935306994753e+00 3.027144612260431522e+00 8.780789420055367112e-01 7.011055828969166015e-01 1.311262180031188329e+00 3.063629481182350567e-02 7.640457987510660409e-01 1.126234765855892023e-01
3.559212586466475425e+00 3.019364180616070037e+00 8.802385681071257517e-01 6.958767042865644514e-01 1.313319194591624051e+00 3.089071253782268989e-02 7.710174313311398686e-01 1.130063442745987412e-01
3.560113714148171127e+00 3.011389316487634193e+00 8.823838845962956867e-01 6.906295677012428413e-01 1.315355076034503856e+00 3.114119161079378917e-02 7.779610303920612147e-01 1.133888696530806067e-01
3.560996432849383719e+00 3.003215401999240086e+00 8.845148456163558492e-01 6.853644449895145430e-01 1.317369929520356475e+00 3.138773858341381562e-02 7.848761245642256190e-01 1.137710223738095938e-01
3.561860855844606100e+00 2.994837734224121473e+00 8.866314076160037860e-01 6.800816122118400475e-01 1.319363861535046922e+00 3.163036087002371599e-02 7.917622519080802501e-01 1.141527724706633273e-01
3.562707095189010964e+00 2.986251525893037773e+00 8.887335293387889079e-01 6.747813495760535130e-01 1.321336979828149794e+00 3.186906673882294871e-02 7.986189600296333957e-01 1.145340903619269241e-01
3.563535261722186931e+00 2.977451906302571949e+00 8.908211718117933220e-01 6.694639413704330799e-01 1.323289393352395260e+00 3.210386530366142466e-02 8.054458061886624609e-01 1.149149468533205293e-01
3.564345465072118913e+00 2.968433922436330086e+00 8.928942983335521610e-01 6.641296758943957546e-01 1.325221212204190202e+00 3.233476651543756852e-02 8.122423573996035984e-01 1.152953131407518511e-01
3.565137813659409627e+00 2.959192540312493680e+00 8.949528744612285092e-01 6.587788453868437255e-01 1.327132547565230247e+00 3.256178115311120225e-02 8.190081905251030969e-01 1.156751608127942477e-01
3.565912414701740474e+00 2.949722646571543372e+00 8.969968679970634629e-01 6.534117459522024163e-01 1.329023511645199607e+00 3.278492081434161709e-02 8.257428923622347483e-01 1.160544618528945582e-01
3.566669374218566446e+00 2.940019050318358751e+00 8.990262489741215335e-01 6.480286774841844677e-01 1.330894217625574472e+00 3.300419790575923051e-02 8.324460597213805269e-01 1.164331886413112194e-01
3.567408797036041967e+00 2.930076485233211958e+00 9.010409896413491548e-01 6.426299435873190635e-01 1.332744779604524643e+00 3.321962563288149983e-02 8.391172994977982302e-01 1.168113139567867609e-01
3.568130786792181652e+00 2.919889611966498322e+00 9.030410644479658355e-01 6.372158514962920073e-01 1.334575312542922720e+00 3.343121798968320957e-02 8.457562287358934006e-01 1.171888109779574416e-01
3.568835445942241780e+00 2.909453020832284853e+00 9.050264500272102719e-01 6.317867119931381836e-01 1.336385932211457739e+00 3.363898974783069429e-02 8.523624746862330515e-01 1.175656532845025110e-01
3.569522875764327363e+00 2.898761234815972365e+00 9.069971251794570755e-01 6.263428393223386959e-01 1.338176755138857255e+00 3.384295644559102978e-02 8.589356748553400589e-01 1.179418148580381742e-01
3.570193176365219934e+00 2.887808712911535292e+00 9.089530708547287619e-01 6.208845511038676435e-01 1.339947898561212991e+00 3.404313437642680906e-02 8.654754770483191750e-01 1.183172700827581636e-01
3.570846446686422926e+00 2.876589853803880104e+00 9.108942701346177673e-01 6.154121682442456054e-01 1.341699480372412712e+00 3.423954057728664790e-02 8.719815394043752832e-01 1.186919937458265073e-01
3.571482784510419783e+00 2.865098999911900091e+00 9.128207082136441386e-01 6.099260148456544517e-01 1.343431619075673655e+00 3.443219281660325759e-02 8.784535304252869548e-01 1.190659610375258554e-01
3.572102286467147891e+00 2.853330441807750972e+00 9.147323723800642181e-01 6.044264181131683289e-01 1.345144433736170653e+00 3.462110958200920185e-02 8.848911289969121352e-01 1.194391475511658030e-01
3.572705048040674569e+00 2.841278423027728373e+00 9.166292519961538598e-01 5.989137082601637685e-01 1.346838043934760476e+00 3.480631006778228675e-02 8.912940244038056736e-01 1.198115292827560407e-01
3.573291163576085339e+00 2.828937145289905253e+00 9.185113384779841628e-01 5.933882184119702030e-01 1.348512569722792209e+00 3.498781416203103345e-02 8.976619163370398446e-01 1.201830826304493977e-01
3.573860726286568923e+00 2.816300774133348117e+00 9.203786252747097052e-01 5.878502845078237282e-01 1.350168131577999642e+00 3.516564243363223818e-02 9.039945148953218990e-01 1.205537843937590226e-01
3.574413828260708748e+00 2.803363444993281384e+00 9.222311078473918178e-01 5.823002452011928343e-01 1.351804850361466581e+00 3.533981611893215191e-02 9.102915405795122261e-01 1.209236117725554782e-01
3.574950560469964067e+00 2.790119269726010209e+00 9.240687836473737704e-01 5.767384417585414980e-01 1.353422847275660867e+00 3.551035710822171565e-02 9.165527242806522645e-01 1.212925423658484242e-01
3.575471012776347379e+00 2.776562343596695737e+00 9.258916520942284123e-01 5.711652179566040211e-01 1.355022243823524208e+00 3.567728793199853587e-02 9.227778072616154015e-01 1.216605541703597027e-01
3.575975273940297683e+00 2.762686752742258278e+00 9.276997145533001365e-01 5.655809199782382279e-01 1.356603161768613175e+00 3.584063174702700749e-02 9.289665411325049860e-01 1.220276255788910608e-01
3.576463431628734924e+00 2.748486582120659882e+00 9.294929743128583777e-01 5.599858963069365148e-01 1.358165723096277588e+00 3.600041232220725640e-02 9.351186878199218011e-01 1.223937353784951831e-01
3.576935572423301402e+00 2.733955923956703948e+00 9.312714365608820710e-01 5.543804976200649159e-01 1.359710049975870971e+00 3.615665402426576636e-02 9.412340195302351109e-01 1.227588627484526851e-01
3.577391781828787920e+00 2.719088886693130203e+00 9.330351083614967234e-01 5.487650766809109015e-01 1.361236264723976852e+00 3.630938180327863973e-02 9.473123187069933948e-01 1.231229872580637402e-01
3.577832144281738458e+00 2.703879604454308083e+00 9.347839986310799709e-01 5.431399882296168435e-01 1.362744489768643374e+00 3.645862117803898295e-02 9.533533779826126597e-01 1.234860888642589638e-01
3.578256743159227593e+00 2.688322247028138712e+00 9.365181181140579403e-01 5.375055888730774223e-01 1.364234847614615553e+00 3.660439822128060128e-02 9.593570001244901002e-01 1.238481479090357135e-01
3.578665660787818226e+00 2.672411030369884699e+00 9.382374793584080663e-01 5.318622369738842393e-01 1.365707460809548301e+00 3.674673954476892490e-02 9.653229979756925427e-01 1.242091451167260940e-01
3.579058978452684059e+00 2.656140227629584682e+00 9.399420966908900166e-01 5.262102925383980168e-01 1.367162451911192234e+00 3.688567228427117040e-02 9.712511943903655576e-01 1.245690615911036331e-01
3.579436776406903498e+00 2.639504180702401115e+00 9.416319861920178225e-01 5.205501171040312069e-01 1.368599943455539147e+00 3.702122408441681223e-02 9.771414221640291053e-01 1.249278788123336648e-01
3.579799133880920969e+00 2.622497312298771810e+00 9.433071656707996411e-01 5.148820736258244990e-01 1.370020057925912083e+00 3.715342308346017419e-02 9.829935239589069340e-01 1.252855786337746802e-01
3.580146129092161011e+00 2.605114138528517920e+00 9.449676546392532517e-01 5.092065263624037108e-01 1.371422917722986856e+00 3.728229789795615978e-02 9.888073522244584801e-01 1.256421432786369585e-01
3.580477839254816885e+00 2.587349281990128702e+00 9.466134742867240437e-01 5.035238407613983336e-01 1.372808645135732863e+00 3.740787760736052903e-02 9.945827691132732573e-01 1.259975553365044743e-01
3.580794340589783076e+00 2.569197485353331256e+00 9.482446474540136006e-01 4.978343833444117128e-01 1.374177362313260042e+00 3.753019173856524116e-02 1.000319646392492379e+00 1.263517977597264363e-01
3.581095708334750327e+00 2.550653625419684545e+00 9.498611986073448588e-01 4.921385215916246336e-01 1.375529191237554016e+00 3.764927025038185271e-02 1.006017865350925522e+00 1.267048538596858565e-01
3.581382016754447228e+00 2.531712727642416283e+00 9.514631538121740562e-01 4.864366238261214059e-01 1.376864253697090312e+00 3.776514351798045122e-02 1.011677316702029650e+00 1.270567073029501559e-01
3.581653339151037674e+00 2.512369981082958503e+00 9.530505407068688983e-01 4.807290590980228262e-01 1.378182671261309222e+00 3.787784231729883488e-02 1.017297900482921014e+00 1.274073421073116941e-01
3.581909747874653327e+00 2.492620753777738507e+00 9.546233884762669319e-01 4.750161970685142232e-01 1.379484565255938655e+00 3.798739780942969602e-02 1.022879525949585755e+00 1.277567426377229087e-01
3.582151314334081960e+00 2.472460608484689182e+00 9.561817278251341090e-01 4.692984078938525760e-01 1.380770056739151208e+00 3.809384152499747933e-02 1.028422111468466404e+00 1.281048936021340900e-01
3.582378109007589906e+00 2.451885318774698064e+00 9.577255909515329790e-01 4.635760621094404677e-01 1.382039266478537476e+00 3.819720534853582317e-02 1.033925584404587372e+00 1.284517800472394222e-01
3.582590201453882628e+00 2.430890885428879322e+00 9.592550115201211591e-01 4.578495305140519722e-01 1.383292314928886269e+00 3.829752150287406287e-02 1.039389881006394400e+00 1.287973873541369829e-01
3.582787660323207390e+00 2.409473553098075094e+00 9.607700246353920726e-01 4.521191840542943541e-01 1.384529322210750646e+00 3.839482253354503660e-02 1.044814946287478286e+00 1.291417012339095838e-01
3.582970553368579836e+00 2.387629827176482422e+00 9.622706668148715003e-01 4.463853937093925084e-01 1.385750408089791108e+00 3.848914129322249245e-02 1.050200733905348516e+00 1.294847077231332244e-01
3.583138947457150891e+00 2.365356490836728387e+00 9.637569759622890420e-01 4.406485303763774675e-01 1.386955691956874848e+00 3.858051092619826927e-02 1.055547206037432684e+00 1.298263931793177117e-01
3.583292908581695357e+00 2.342650622169175190e+00 9.652289913407317012e-01 4.349089647557652372e-01 1.388145292808922626e+00 3.866896485290911845e-02 1.060854333254458659e+00 1.301667442762861060e-01
3.583432501872229281e+00 2.319509611363705925e+00 9.666867535457973615e-01 4.291670672378032347e-01 1.389319329230483069e+00 3.875453675452197877e-02 1.066122094391399600e+00 1.305057479995006819e-01
3.583557791607748566e+00 2.295931177867837736e+00 9.681303044787615830e-01 4.234232077893713697e-01 1.390477919376024163e+00 3.883726055758719709e-02 1.071350476416134789e+00 1.308433916413373477e-01
3.583668841228091484e+00 2.271913387450706701e+00 9.695596873197667165e-01 4.176777558416124303e-01 1.391621180952922199e+00 3.891717041876852079e-02 1.076539474295995280e+00 1.311796627963187911e-01
3.583765713345917092e+00 2.247454669098404967e+00 9.709749465010513170e-01 4.119310801783737097e-01 1.392749231205140825e+00 3.899430070965861916e-02 1.081689090862356650e+00 1.315145493563086854e-01
3.583848469758799560e+00 2.222553831662272383e+00 9.723761276802262987e-01 4.061835488255368665e-01 1.393862186897574684e+00 3.906868600168879324e-02 1.086799336673436311e+00 1.318480395056736421e-01
3.583917171461436624e+00 2.197210080178230829e+00 9.737632777136134843e-01 4.004355289413099039e-01 1.394960164301055627e+00 3.914036105114035435e-02 1.091870229875451237e+00 1.321801217164191300e-01
3.583971878657969512e+00 2.171423031772055534e+00 9.751364446296570954e-01 3.946873867075582631e-01 1.396043279177999308e+00 3.920936078426766336e-02 1.096901796062295320e+00 1.325107847433035224e-01
3.584012650774410780e+00 2.145192731062727898e+00 9.764956776024185103e-01 3.889394872222472488e-01 1.397111646768677939e+00 3.927572028253804859e-02 1.101894068133883131e+00 1.328400176189358239e-01
3.584039546471177395e+00 2.118519664973735672e+00 9.778410269251647247e-01 3.831921943930647889e-01 1.398165381778109229e+00 3.933947476799921905e-02 1.106847086153315729e+00 1.331678096488627394e-01
3.584052623655730407e+00 2.091404776860453563e+00 9.791725439840633927e-01 3.774458708322976364e-01 1.399204598363543273e+00 3.940065958877851660e-02 1.111760897203009302e+00 1.334941504066494977e-01
3.584051939495314087e+00 2.063849479860612401e+00 9.804902812319907790e-01 3.717008777530241836e-01 1.400229410122537432e+00 3.945931020472373540e-02 1.116635555239934741e+00 1.338190297289591768e-01
3.584037550429792773e+00 2.035855669374368571e+00 9.817942921624656094e-01 3.659575748666930584e-01 1.401239930081601415e+00 3.951546217319112930e-02 1.121471120950107370e+00 1.341424377106357202e-01
3.584009512184589852e+00 2.007425734580735366e+00 9.830846312837157042e-01 3.602163202821490606e-01 1.402236270685401021e+00 3.956915113498760128e-02 1.126267661602462944e+00 1.344643646997954467e-01
3.583967879783714228e+00 1.978562568898093676e+00 9.843613540928899397e-01 3.544774704061681714e-01 1.403218543786508565e+00 3.962041280047362557e-02 1.131025250902258250e+00 1.347848012929300787e-01
3.583912707562880939e+00 1.949269579298285926e+00 9.856245170504178699e-01 3.487413798455613612e-01 1.404186860635684209e+00 3.966928293583273091e-02 1.135743968844121765e+00 1.351037383300278394e-01
3.583844049182726810e+00 1.919550694386389811e+00 9.868741775545333272e-01 3.430084013109040986e-01 1.405141331872674426e+00 3.971579734951465046e-02 1.140423901564887821e+00 1.354211668897143950e-01
3.583761957642106921e+00 1.889410371161714508e+00 9.881103939159635585e-01 3.372788855219455706e-01 1.406082067517519629e+00 3.975999187885631558e-02 1.145065141196332181e+00 1.357370782844196933e-01
3.583666485291475912e+00 1.858853600379869020e+00 9.893332253327957737e-01 3.315531811147532926e-01 1.407009176962350505e+00 3.980190237688724375e-02 1.149667785717936486e+00 1.360514640555734733e-01
3.583557683846359421e+00 1.827885910440950834e+00 9.905427318655239954e-01 3.258316345506380718e-01 1.407922768963668636e+00 3.984156469932483013e-02 1.154231938809789693e+00 1.363643159688334439e-01
3.583435604400895258e+00 1.796513369734942245e+00 9.917389744122908635e-01 3.201145900269125599e-01 1.408822951635092302e+00 3.987901469176309555e-02 1.158757709705750205e+00 1.366756260093495434e-01
3.583300297441461169e+00 1.764742587382299721e+00 9.929220146843216188e-01 3.144023893895261379e-01 1.409709832440559918e+00 3.991428817706162147e-02 1.163245213046967486e+00 1.369853863770684743e-01
3.583151812860373653e+00 1.732580712315449301e+00 9.940919151815645893e-01 3.086953720476187102e-01 1.410583518187974450e+00 3.994742094293758650e-02 1.167694568735877070e+00 1.372935894820808689e-01
3.582990199969661838e+00 1.700035430655375324e+00 9.952487391685387319e-01 3.029938748900360967e-01 1.411444115023282375e+00 3.997844872976605290e-02 1.172105901790767568e+00 1.376002279400146966e-01
3.582815507514911069e+00 1.667114961346729318e+00 9.963925506504006657e-01 2.972982322038437153e-01 1.412291728424971415e+00 4.000740721859234739e-02 1.176479342201016909e+00 1.379052945674782982e-01
3.582627783689176226e+00 1.633828050024727752e+00 9.975234143492276440e-01 2.916087755948738591e-01 1.413126463198977278e+00 4.003433201936031083e-02 1.180815024783096412e+00 1.382087823775549063e-01
3.582427076146957656e+00 1.600183961097570773e+00 9.986413956805304526e-01 2.859258339103414315e-01 1.413948423473987193e+00 4.005925865935995589e-02 1.185113089037428402e+00 1.385106845753528715e-01
3.582213432018249044e+00 1.566192468039030672e+00 9.997465607299962365e-01 2.802497331635563915e-01 1.414757712697129799e+00 4.008222257189793247e-02 1.189373679006188400e+00 1.388109945536122047e-01
3.581986897922635471e+00 1.531863841897168843e+00 1.000838976230466804e+00 2.745807964607641649e-01 1.415554433630040965e+00 4.010325908519413174e-02 1.193596943132133159e+00 1.391097058883719595e-01
3.581747519983457639e+00 1.497208838036726331e+00 1.001918709539159513e+00 2.689193439301352795e-01 1.416338688345292862e+00 4.012240341150671852e-02 1.197783034118535817e+00 1.394068123346995924e-01
3.581495343842034274e+00 1.462238681144468089e+00 1.002985828615129194e+00 2.632656926529326480e-01 1.417110578223180095e+00 4.013969063648868685e-02 1.201932108790299214e+00 1.397023078224839954e-01
3.581230414671930262e+00 1.426965048538517244e+00 1.004040401996981746e+00 2.576201565968722074e-01 1.417870203948846219e+00 4.015515570877847829e-02 1.206044327956330653e+00 1.399961864522957511e-01
3.580952777193282088e+00 1.391400051834406959e+00 1.005082498780837996e+00 2.519830465516982865e-01 1.418617665509744885e+00 4.016883342982617566e-02 1.210119856273229821e+00 1.402884424913150019e-01
3.580662475687176105e+00 1.355556217031991917e+00 1.006112188598553780e+00 2.463546700669879685e-01 1.419353062193427606e+00 4.018075844395817275e-02 1.214158862110373382e+00 1.405790703693297061e-01
3.580359554010059675e+00 1.319446463098454592e+00 1.007129541596199163e+00 2.407353313921986593e-01 1.420076492585641059e+00 4.019096522868102761e-02 1.218161517416443296e+00 1.408680646748048659e-01
3.580044055608214926e+00 1.283084079133245403e+00 1.008134628412797440e+00 2.351253314189685750e-01 1.420788054568733028e+00 4.019948808522713635e-02 1.222127997587463488e+00 1.411554201510256956e-01
3.579716023532256486e+00 1.246482700210743477e+00 1.009127520159331270e+00 2.295249676256795324e-01 1.421487845320349663e+00 4.020636112934239392e-02 1.226058481336400607e+00 1.414411316923144812e-01
3.579375500451681624e+00 1.209656282005723948e+00 1.010108288398011922e+00 2.239345340242878957e-01 1.422175961312422299e+00 4.021161828231796520e-02 1.229953150564373043e+00 1.417251943403231018e-01
3.579022528669444370e+00 1.172619074315082832e+00 1.011077005121821415e+00 2.183543211094274294e-01 1.422852498310430924e+00 4.021529326226663814e-02 1.233812190233527062e+00 1.420076032804030164e-01
3.578657150136575815e+00 1.135385593596792475e+00 1.012033742734321340e+00 2.127846158097864704e-01 1.423517551372931456e+00 4.021741957564382852e-02 1.237635788241612023e+00 1.422883538380516066e-01
3.578279406466826629e+00 1.097970594653473686e+00 1.012978574029739676e+00 2.072257014417567822e-01 1.424171214851349676e+00 4.021803050901534560e-02 1.241424135298306197e+00 1.425674414754387886e-01
3.577889338951338871e+00 1.060389041593372772e+00 1.013911572173326725e+00 2.016778576653539545e-01 1.424813582390021205e+00 4.021715912107048929e-02 1.245177424803325827e+00 1.428448617880111460e-01
3.577486988573347126e+00 1.022656078205694374e+00 1.014832810681989717e+00 1.961413604424017687e-01 1.425444746926476380e+00 4.021483823488135323e-02 1.248895852726355837e+00 1.431206105011774699e-01
3.577072396022899170e+00 9.847869978902978882e-01 1.015742363405204296e+00 1.906164819969759228e-01 1.426064800691960066e+00 4.021110043040901361e-02 1.252579617488830177e+00 1.433946834670736525e-01
3.576645601711597067e+00 9.467972132835245080e-01 1.016640304506203130e+00 1.851034907780956806e-01 1.426673835212179497e+00 4.020597803725453612e-02 1.256228919847595993e+00 1.436670766614090988e-01
3.576206645787356475e+00 9.087022257225226829e-01 1.017526708443444061e+00 1.796026514246545358e-01 1.427271941308269287e+00 4.019950312765635525e-02 1.259843962780485382e+00 1.439377861803938230e-01
3.575755568149181052e+00 8.705175946897651951e-01 1.018401649952356713e+00 1.741142247325752901e-01 1.427859209097971149e+00 4.019170750973212469e-02 1.263424951373818050e+00 1.442068082377473970e-01
3.575292408461942628e+00 8.322589073776470725e-01 1.019265204027371530e+00 1.686384676241753922e-01 1.428435727997016347e+00 4.018262272096438659e-02 1.266972092711856179e+00 1.444741391617883619e-01
3.574817206171180040e+00 7.939417485100291882e-01 1.020117445904224818e+00 1.631756331197268817e-01 1.429001586720705319e+00 4.017228002193001801e-02 1.270485595768231279e+00 1.447397753926064068e-01
3.574330000517890848e+00 7.555816705535531863e-01 1.020958451042549564e+00 1.577259703111897615e-01 1.429556873285679597e+00 4.016071039027147016e-02 1.273965671299356783e+00 1.450037134793144000e-01
3.573830830553339055e+00 7.171941644464223664e-01 1.021788295108742251e+00 1.522897243381024779e-01 1.430101675011875351e+00 4.014794451490848182e-02 1.277412531739841262e+00 1.452659500773831602e-01
