-1.777329831625814802e-02
3.954973168311129439e-02
-1.098267178152198022e-02
-6.679885122093801031e-02
7.132885962573586210e-03
-5.447230297064472454e-02
-9.324372007040190521e-03
-9.514174795589941391e-03
-2.455993654033986062e-02
3.353128894802801657e-02
2.286996176447988680e-02
1.584634851011224380e-02
-1.777381430383574018e-02
-5.615262333518062331e-03
-5.476246365561697818e-03
-5.290576128349598270e-03
-7.139333574452813753e-03
2.766987785720301796e-01
-2.166000984779800284e-02
-2.205362738713483332e-04
2.128337035852823772e-02
-1.520905620845352732e-02
-3.758260916358020960e-03
-8.488093392147484997e-03
-5.320157418109353401e-03
1.741173126113094646e-02
7.744425688813004992e-03
-9.502708236142075359e-05
-8.045502767511656175e-03
-1.585565006554816650e-02
-7.320244314189476575e-03
-2.489420978160349594e-03
2.812490648726053213e-02
1.054824173654748398e-01
-2.878869074917275381e-02
4.404796149301552777e-03
-8.361868940006731907e-03
1.025104901314310112e-02
-2.325025535550989328e-02
-1.730388482053846081e-03
2.807109049057636141e-01
2.807051395153711826e-01
-2.735105042165328001e-02
-2.788825791689091655e-04
-2.020107695239742231e-03
1.211891707509310783e-03
1.963895060246522134e-04
-4.145228562815028023e-02
-2.162390094449293323e-02
-8.017448164442189402e-04
-1.046565608286991432e-02
2.797387253209329683e-01
-2.318889676654864104e-02
-1.268901793962152330e-02
-2.574210403940843314e-02
1.456335622222488906e-02
5.164707122053456036e-03
6.282476295929071558e-03
4.381441803083961119e-03
-2.696720260773160117e-03
-4.038747942963121645e-02
-1.134551114587402420e-03
2.483556322264792587e-03
-1.696140345939164962e-02
8.469497309869006632e-03
-1.480625762027540891e-02
-3.568559258558395841e-03
3.566879087012833627e-02
-1.559188485744072636e-02
-8.775948291592198733e-03
1.339730404422382302e-02
-3.180467602810875625e-03
-1.815491842589110616e-02
5.360532655070396335e-02
8.364242620244469184e-02
-3.785492633211903768e-02
-4.074818056604851899e-03
-1.852364793366288905e-03
-3.034480343416466608e-02
1.548114013002154302e-02
2.380942921633565426e-02
-1.052756223635765293e-02
2.164138983346029430e-02
-1.413272755490158072e-02
-4.296063657313344691e-02
-1.294375477250530974e-02
-3.903225045062375890e-03
-2.920184791968572988e-02
-7.415486174117792879e-03
5.908800921196086069e-03
1.443580407309560769e-02
-6.498214032635540524e-03
-3.577829867590775342e-02
2.076145689032465359e-03
-1.055819755872158122e-02
2.945200516812005592e-02
-3.513974522997759947e-02
1.262113995483932910e-02
5.233257455865035490e-02
3.822708643214262764e-02
-2.089065231067110603e-02
-4.392291365184176899e-02
3.721030951364084904e-03
2.256811962345496754e-03
-1.781655151891734651e-02
1.248079679547088594e-02
1.354922387864932604e-02
2.836935774209010941e-02
7.141648852150500777e-03
-1.061621194088674912e-02
5.011525161887964153e-01
-3.774954130721329664e-03
4.545063451510713594e-03
1.043990580821086214e-02
1.692002534274419370e-03
6.281119220649905403e-03
-3.155669841827562355e-02
9.433879991809671767e-03
-6.359040031881849075e-02
-1.600066251555578483e-03
1.786103430395139524e-01
-3.021938603398146087e-02
-8.205735493578674919e-03
-2.753452967034606888e-02
2.282213475638187120e-02
-5.453194916471887713e-03
-2.242369451256253157e-02
-2.037409332699350109e-02
-3.125969057848425325e-02
-1.202435352817482137e-02
-6.483435663898866330e-02
-3.402841474201550188e-04
-1.588418254784680975e-02
-1.695510458070510762e-02
2.548181023324120331e-01
8.653128665236600736e-02
-2.132798220877671000e-02
-4.290648542023108893e-03
3.514324687702221651e-03
-6.277216956175643570e-02
2.550717840204509007e-02
4.000977605530059433e-02
-3.346383139238073151e-02
1.871306040716241501e-02
6.727679863235312696e-02
1.398561754642487290e-02
-2.014563757245367917e-02
-2.349966959872208661e-02
2.098922511470224794e-02
-9.102660096439448012e-02
-1.727582755620437824e-02
2.163903695041237765e-02
7.225701567421713087e-03
9.973290644118897041e-02
5.431184212793897098e-02
3.663211426285066519e-02
-2.794328727047716565e-02
1.660434190309119928e-01
5.570062156977483026e-02
1.263582844417373424e-02
6.028450012295320098e-02
-2.882534214691157698e-02
6.188178232163668406e-03
-1.661485884134065094e-03
3.159350133148008249e-02
4.162336764159333541e-02
1.822439137622588329e-02
-5.775847117722898022e-03
1.532626491369619773e-02
1.152624408190152522e-02
-4.822815177211403799e-03
-1.346979681486446673e-02
-6.029206275373170942e-03
-1.174350080703998392e-02
3.495432727996908556e-03
1.171943011248796108e-02
8.728445879657164858e-04
-7.344500934441972918e-03
-1.277287610475424549e-03
-3.079634568300772604e-02
-2.842241330691369638e-02
-8.592432966162855124e-03
-5.430382284169227303e-03
1.060096354574812695e-02
-2.287852883369537876e-02
6.206357338919934671e-03
2.265364142821063315e-03
-6.001982739160508949e-04
-1.385097031798247259e-02
-3.287360841167889097e-02
-3.749622839860439639e-03
-4.147738627280717766e-02
-3.398465400428688724e-03
5.004746783424916107e-02
1.044525031273949578e-01
-4.957051332606294582e-04
-1.330935680117250296e-02
-4.272033981984328654e-03
-2.583322136086048035e-02
-1.475955925045873383e-02
1.215297763819976964e-02
-1.417985320621566701e-02
9.490835975041436029e-03
-2.858681605002531129e-02
-4.788098491489343328e-03
2.448338076773290840e-03
1.175277746497762135e-02
-7.999472765392055817e-03
3.215315025633020546e-02
-1.078867128898369498e-01
2.614486949652228623e-02
8.417380881308149654e-01
4.691042473844489469e-01
4.275013476085075537e-01
1.219072092145495525e-03
5.601063255102621818e-01
5.609316981501519805e-01
-1.520057536815647712e-03
-4.542545801081128432e-02
-3.158818746497596419e-02
8.421581516237238718e-01
8.421479124612107903e-01
4.989080612973817996e-01
4.769946492825684059e-01
2.724933534432962823e-01
2.685801604221964567e-01
4.349386396793863407e-01
-1.443061560676313533e-02
6.484702187509197580e-02
1.323186269267244142e-01
6.613677519877389499e-02
2.204578839806874135e-02
2.797616363642079218e-01
2.510260187725120093e-02
-1.489407686646512276e-02
4.743777464019615503e-03
-6.730958489966853975e-02
5.172791163969063799e-01
2.807154809695197040e-01
5.083936511685962362e-02
-9.967476468698333036e-03
1.000235145844717399e+00
-1.450284094253725432e-02
4.788461541760520301e-01
5.031027081879047014e-01
3.313425324766037378e-02
-1.419177982396331930e-02
-3.099852025442062162e-02
-3.007000857864663285e-02
1.701082316008855830e-02
3.963719019970267377e-02
3.704644368804151100e-02
7.195070859324077805e-02
1.487327971526121798e-02
-3.994953723643209637e-02
4.897494025181608479e-01
-3.538606417185835573e-02
-3.125965730718842372e-02
8.437006187040405059e-02
1.053246016675840786e-02
3.388580609072960447e-03
3.388580609072960447e-03
1.310931941504387202e-02
9.156779358753056042e-02
1.883579243357103583e-01
2.755607847137139799e-01
3.642980757684474713e-02
5.613533316518050376e-02
-2.105537883023726742e-02
-8.191219557234083112e-03
-1.002847678120702586e-02
4.377764343573225386e-02
-2.979155492369560312e-03
7.175142912295931485e-02
5.028578798016912488e-02
5.714929307496973143e-01
-6.440853707931139260e-02
7.944287772837869965e-02
8.421511907184466850e-01
1.560902651119120549e-02
-2.851753163921640077e-02
7.723774323628886107e-02
5.392855800541017375e-02
3.660789067832560806e-02
4.968369322647775074e-03
-5.462409861545182432e-02
7.895150199704654981e-02
1.051866381935760708e-01
-1.042221325877828175e-01
-1.822077315328776009e-02
-3.653164915939465657e-02
4.988733832324250550e-02
-4.400855853340863988e-02
-3.640291820935278450e-02
-4.004431795521307125e-02
-1.398347847365869270e-02
7.302863400979230438e-03
9.995209222935675930e-01
1.313460890241810973e-02
5.249985467914710519e-02
-5.290837075110121912e-02
8.384475020727533146e-02
1.553366012396451001e-01
8.421394837413870293e-01
2.806408384054001615e-01
2.153706156112626430e-04
2.051934596030604574e-01
4.858811359471569835e-01
3.541795821093617347e-01
4.877881082010935843e-01
-1.571522361393003220e-01
9.883113933603487888e-01
5.255679743540723203e-01
4.831188925670512058e-01
2.989714332579951686e-02
3.161801227339514075e-02
1.362918087728081096e-01
1.000776705076036777e+00
1.068122064054513945e-02
4.981178750138757216e-01
8.417380906846932964e-01
2.121735205381357348e-01
4.969210224974339747e-13
3.294822800072785135e-02
-2.161390593585929554e-02
2.147137216566676537e-05
5.165909411404999707e-01
2.483340807151928134e-02
5.087745088704204166e-01
5.604379088960911304e-01
1.031224920455886984e+00
9.901749779179823685e-01
8.421581098576635949e-01
8.125683936602485780e-01
7.747660194775704001e-01
4.835053004557882117e-01
8.400393695123464788e-01
5.382679078043690196e-02
1.678473206875527330e-03
2.830944195054162661e-03
1.180904966648908469e-02
4.241193917957026410e-02
7.451809801950906587e-02
5.562095838251103208e-01
