-2.553482095089795560e-03
-3.804306679105115378e-03
-1.218306137274047761e-03
-3.412243866289239695e-03
2.134124761754903343e-03
-8.469210407810109920e-04
3.164140850623073029e-03
-8.085877933053422714e-03
-1.513954025021539609e-03
4.654929822480682010e-03
-2.029553191290332553e-04
7.120293999481019410e-03
-5.717993693858964416e-04
2.598395037713485065e-05
6.653762258072674907e-05
2.826253863944731652e-05
2.612899385947848457e-05
4.708430834029934259e-02
4.280659342188376944e-04
-1.189366388448799246e-03
4.847850278298748532e-04
-8.901673235328644296e-04
-8.484156771757069351e-03
-9.647988135238600403e-04
3.003238393170927327e-05
-4.771114716261929229e-06
4.281520368618190256e-03
3.237184727734530019e-04
2.605910724272306970e-03
-4.540570920471154875e-03
-2.185658532327520651e-03
-2.212281961589555347e-03
1.382553859737207895e-02
2.028536817179725851e-02
-2.127598069707399651e-03
5.397157491808394006e-03
9.602742596027981359e-04
2.237622134140494594e-03
-2.010304698361416360e-04
2.603854712992640253e-03
4.377077291501145495e-02
8.688778267461610971e-02
9.348155618428053912e-03
-1.517029269052829962e-03
7.347114265665762034e-05
1.260177909719644145e-03
4.685798240169642553e-04
2.872939878665639515e-03
-7.478333474518073475e-03
-1.028042964785285768e-04
-5.006913741666788736e-03
1.234903208089991322e-01
-4.556804134768124848e-03
-6.724901406778084666e-04
-2.785851036899450722e-03
-4.583755132613767311e-03
-3.115693712748940705e-03
-4.743249823934086486e-03
-2.041028365265127459e-03
3.689637907786769751e-03
2.102382763172075744e-03
5.998818835991492557e-03
-1.112770755793467473e-02
3.419601580542494697e-04
-1.578706139980800638e-03
2.894391956698691686e-03
5.311105930312218963e-04
-1.548306991490172894e-03
-2.164884817259021474e-03
6.364872288101585708e-04
-8.038257365381832470e-03
-3.688457774617486928e-03
3.696889326267698700e-03
2.443884462573752423e-04
-3.630443945780415047e-03
-1.576553305951978318e-02
-4.417976561246849884e-03
2.795044178867124021e-05
7.999135684200674515e-03
1.031102214891606132e-02
-6.692053424979420089e-05
2.404163779963975484e-02
-5.935616811920244908e-03
-3.166133016500305691e-03
-8.810963717461868343e-04
1.142291787587075731e-02
-4.905667286942742844e-03
-4.048237067191077891e-03
2.604348308771785737e-03
-7.651843226666019040e-04
6.809696629689800801e-04
1.020533520230820779e-04
-4.788006921223659021e-03
-1.194353468042007923e-03
3.096129773791844383e-05
4.371658433756603172e-03
3.526815273160903170e-03
2.488850642946173648e-03
-2.382254267499431775e-03
1.214608681788409937e-02
-9.884201988446831774e-03
-3.662620344426474215e-04
1.938366925519074968e-04
3.847348791821237485e-03
-3.814358282657604252e-03
1.627415031926374850e-03
-1.300834134829115425e-02
1.676438187037296995e-02
2.081188483780206145e-04
8.255554874026970608e-03
4.354174271464702345e-02
1.730163698286257823e-02
1.163573405503001874e-02
1.385880881531331883e-02
1.761460138986289774e-03
2.955278817101739119e-04
5.588991341815240793e-03
5.407104565451459344e-03
-9.072307467615323140e-03
-8.446345137055259571e-05
4.051207822448719270e-02
7.838549857800301487e-03
7.865632408122503680e-03
-2.632208992370705172e-03
1.547292245565776126e-04
4.978027609515748957e-03
2.376441607430525120e-03
5.511572965201667326e-05
-2.615302907486406672e-03
-5.135699069149873841e-03
-1.585644460055906160e-02
1.607619630945915324e-03
-6.882144794443102211e-03
2.462449643666352224e-03
4.584674952806345322e-02
2.853538704138949833e-02
4.691483013542697977e-03
-2.586219869996545895e-04
2.553058039585456417e-03
-1.312680841145770667e-02
8.467802085416930224e-04
2.976101014633779525e-03
-4.001073135624526322e-03
-7.153975494396937152e-04
8.619403784965781051e-03
2.569558701774448013e-03
-7.019068733228968262e-04
-2.335879694842203213e-03
-2.253642929388151653e-03
-2.114169592569841577e-02
-2.272363139323805431e-03
1.468662372665203650e-02
1.572762245278278926e-04
2.591226030026232141e-02
1.991609480639294077e-03
1.714873938470086803e-03
-8.589684755025163692e-04
3.655811257909807183e-02
-2.288266211684535090e-03
-6.578997222487032923e-05
1.276044580171429438e-02
2.901383611278663972e-03
3.515190799337500013e-04
8.685452889263187148e-05
6.708627111478979686e-03
6.025946415791250295e-03
3.109871652384229267e-03
-3.220644610058236938e-03
3.403303748986915567e-01
3.318664684488776273e-01
3.502614551038201740e-01
3.519312906741605129e-01
3.437296715319361762e-01
3.552797975126023022e-01
3.550958717235863094e-01
3.430410698870379194e-01
3.467408179623650555e-01
3.514684446631805570e-01
7.833296788357931861e-01
3.505535881144599686e-01
9.992261483150579604e-01
3.520395767795346242e-01
3.476658951120033536e-01
7.801206006386626202e-01
7.829974157767959353e-01
3.479710268150012498e-01
3.447547395609237286e-01
3.553228379883764387e-01
3.477118632948653643e-01
3.594093770351294848e-01
3.225137259423169200e-01
3.479621351351809277e-01
3.505193509740527347e-01
3.492421722732688139e-01
3.386652043726284256e-01
3.599247434327423889e-01
7.385143284363885341e-01
7.824901950001679207e-01
4.868525397967041549e-03
4.046419307324300441e-03
2.827709970539690689e-05
1.504549739229349165e-03
-1.341353228048024204e-02
-2.566782651361694707e-03
1.661332492061083025e-03
7.112106277079176427e-04
-2.590283207614564511e-03
-1.900976640235145856e-02
1.506467034791467326e-02
1.119366761073637816e-03
-1.023907477839438706e-03
1.463451479746240985e-02
2.699561631884239005e-03
-1.466021381165186297e-03
3.011755898270988482e-03
1.849934329550271097e-03
-6.696897278218237560e-04
8.396586431848447564e-04
-7.781270611306878235e-03
-2.706160038216262609e-03
-5.376904403052851569e-03
3.446032076687932828e-03
2.098808543045008884e-03
9.659154593289960219e-03
4.435574651433171756e-02
-1.858379531907199990e-03
-4.249451899264448831e-04
-2.705643135940963978e-03
-3.088736458946941994e-03
2.465060066271032319e-03
2.922361704897333268e-03
1.986302224172091166e-03
5.100678145153180257e-03
-1.985831325330429230e-03
-2.750258147117019738e-03
-6.554413269191476654e-04
-2.198456903375960517e-03
5.992970921893284826e-04
-1.607409391782899273e-03
-6.469669572770812491e-03
1.061224938691883793e-02
1.432594158518624983e-01
1.618343518236306858e-02
4.410351880657483598e-02
-8.128586928663037239e-03
1.304106125421393425e-01
1.279190145124682043e-01
-9.866390175656720996e-03
2.552913834351843922e-02
-1.143580878370566547e-03
1.438110760155231482e-01
1.740204962263639799e-01
4.334495220443777136e-02
4.435286522267918585e-02
2.050597936402341268e-02
2.192346119693753051e-02
4.477037295050498994e-02
-7.741588779076966770e-05
6.623362327239069869e-03
3.603629426241097833e-02
2.828321341626911095e-02
5.071423684864487420e-03
3.557757719235472849e-02
8.396794669127004632e-03
3.317715068539466364e-03
3.701637476493846359e-03
2.590484589249709892e-03
8.671824127425373230e-02
2.934573550431195804e-02
4.160564410378694844e-03
4.868189076681072279e-03
2.175795451451122409e-01
8.218584115301526272e-03
8.182041256581579214e-02
4.329799141718859712e-02
1.382636328637890100e-02
-1.006763896716119039e-03
2.564150001475435617e-04
-6.423905402860466927e-03
2.600098480471005769e-03
2.983904735093326818e-03
8.387563902224325638e-04
1.964404836382795116e-02
-1.965729243835235250e-03
-6.019233407197770863e-03
4.231875557729869453e-02
3.185110109491883987e-03
8.890392573784560229e-03
1.813319103188483494e-02
2.357330942541897324e-03
6.499752663621778323e-03
6.499752663621778323e-03
-2.267141780918141905e-02
-8.414519204754849005e-03
1.720058601088608752e-02
1.733084590538840411e-02
6.669534340220377444e-03
1.611991484239544414e-03
1.003332995872324718e-02
1.194771324750140695e-03
2.859355633288047926e-04
3.048555110551866374e-03
1.213822111880913206e-03
2.900933306599244327e-03
3.903279537112439978e-03
3.570499584061994497e-02
1.682801089016084696e-03
1.114035048635884061e-02
1.252056667217645025e-01
4.144234067589349919e-04
1.469715853246630205e-02
2.409937321787839013e-03
-5.988864953684425695e-03
9.414569777753999461e-03
9.925306785712552371e-03
3.306652729219276745e-03
4.162389813249863998e-03
9.069878865580319194e-03
-6.342945172598179679e-03
7.017997133984710256e-03
-8.192811744471362526e-03
-9.001455443240593320e-04
-2.474709365156475436e-04
-1.242941804054505800e-02
2.167456441531275414e-03
4.113965634451347171e-03
4.429047001345650346e-03
1.303085722090180087e-01
1.204078292576342630e-03
-1.264900374633504566e-03
-1.191923422051676187e-02
9.014593722977387591e-03
1.524462254044661041e-02
1.655255063706307372e-01
8.623969530525728289e-02
1.041872728831323204e-04
1.783329989809294414e-02
5.972469356865092033e-02
5.301747703609049900e-02
9.041368452004924783e-02
-4.461099462226489343e-03
2.160929598084928016e-01
4.397454059090991074e-02
8.725492264855234936e-02
-1.290116212338578150e-04
-1.492368199233337286e-04
-6.330982775657500224e-04
2.170159132731900031e-01
-6.852160318534984565e-04
8.916177405958590485e-02
1.591969466517802190e-01
2.019269818350284684e-02
-7.118966310756990245e-04
1.050765789499916864e-02
-6.772040492135059271e-03
9.469476756131988077e-04
4.580071390220021021e-02
-4.537177461594495143e-05
2.291847504029433102e-02
5.421269255516927843e-02
1.297498925648035706e-01
1.313053055796214730e-01
1.739730064929673470e-01
1.566885617423645349e-01
1.486359766140916971e-01
1.300583847608756394e-01
1.539546603839043182e-01
2.451529469305875012e-03
2.718201398640691588e-03
-2.498081338507140373e-03
1.037101330829187087e-03
8.283479423547422671e-03
1.291849119206726904e-02
4.293167974646356494e-02
